20
21
22
23
26
53
80
81
110
111
122
139
143
222
389
443
445
465
502
554
587
830
873
993
1022
1200
1337
1433
1521
1723
1900
2002
2082
2083
2087
2222
2266
2525
3000
3001
3056
3306
3389
4433
4443
4444
4567
5000
5001
5061
5222
5432
5601
5900
5901
5985
6000
6379
6666
7000
7001
7170
7443
7547
7548
8000
8008
8009
8010
8011
8012
8015
8022
8080
8081
8083
8085
8089
8181
8200
8291
8443
8880
8888
9000
9080
9090
9191
9200
9201
9443
10000
10001
10443
10554
11211
19200
20000
22222
27017
28017
30002
30003
30005
50000
50001
